Maze 1:
[[0,1,2,3,4,5,6,7,8,9,10,11,12,13,14,15,16],[8,12,16],[0,1,2,3,4,6,8,10,12,13,14,16],[0,4,6,8,10,14,16],[0,2,6,8,10,11,12,14,16],[0,2,3,4,5,6,8,12,14,16],[0,2,8,9,10,12,14,16],[0,2,3,4,5,6,10,12,14,16],[0,6,7,8,9,10,12,14,16],[0,1,2,3,4,6,8,12,16],[0,6,8,10,11,12,13,14,16],[0,2,3,4,5,6,8,10,16],[0,2,8,10,12,13,14,15,16],[0,2,4,5,6,8,10,12,16],[0,2,6,7,8,10,12,14,16],[0,4,10,14],[0,1,2,3,4,5,6,7,8,9,10,11,12,13,14,15,16]]

Maze 2:
[[0,1,2,3,4,5,6,7,8,9,10,11,12,13,14,15,16],[2,10,14,16],[0,2,4,5,6,7,8,10,12,14,16],[0,2,4,8,10,12,14,16],[0,4,6,10,12,14,16],[0,1,2,3,4,6,7,8,9,10,12,14,16],[0,12,14,16],[0,2,3,4,5,6,7,8,9,10,11,12,14,16],[0,2,12,16],[0,2,4,5,6,7,8,9,10,12,13,14,15,16],[0,4,10,16],[0,1,2,3,4,6,7,8,10,11,12,13,14,16],[0,4,6,8,14,16],[0,2,4,6,8,9,10,11,12,16],[0,2,3,4,6,8,12,13,14,15,16],[0,10],[0,1,2,3,4,5,6,7,8,9,10,11,12,13,14,15,16]]

Maze 3:
[[0,1,2,3,4,5,6,7,8,9,10,11,12,13,14,15,16],[2,6,16],[0,2,4,6,8,9,10,11,12,13,14,16],[0,2,4,6,8,14,16],[0,4,6,8,10,11,12,14,16],[0,1,2,3,4,6,8,10,12,14,16],[0,6,8,12,14,16],[0,2,3,4,5,6,8,9,10,11,12,14,16],[0,2,14,16],[0,2,4,5,6,7,8,10,11,12,13,14,16],[0,2,4,8,10,16],[0,2,4,6,8,10,12,13,14,15,16],[0,2,4,5,6,8,10,12,16],[0,2,8,10,12,14,16],[0,2,3,4,5,6,7,8,10,12,14,16],[0,10,14],[0,1,2,3,4,5,6,7,8,9,10,11,12,13,14,15,16]]

Maze 4:
[[0,1,2,3,4,5,6,7,8,9,10,11,12,13,14,15,16],[2,16],[0,2,4,5,6,7,8,9,10,11,12,13,14,16],[0,2,6,8,14,16],[0,2,3,4,6,8,10,11,12,14,16],[0,2,6,8,10,12,14,16],[0,2,4,6,8,10,12,14,16],[0,4,8,10,12,14,16],[0,1,2,3,4,6,7,8,10,12,14,15,16],[0,4,6,10,16],[0,2,4,6,8,10,11,12,13,14,16],[0,2,6,8,10,16],[0,2,4,5,6,8,9,10,12,13,14,15,16],[0,2,4,8,10,12,16],[0,2,4,6,8,10,12,14,16],[0,2,6,10,14],[0,1,2,3,4,5,6,7,8,9,10,11,12,13,14,15,16]]